1.210044098
0.157231399
0.116879368
0.077368709
0.06741607
0.065336895
0.117578329
0.118601405
0.074551564
0.074454011
0.067575029
0.122083959
0.071607431
0.1176654
0.112355018
0.118182538
0.120315878
0.098181324
0.155535529
0.155570669
0.121455089
0.078549843
0.072891543
0.153639361
0.116085644
0.124202181
0.128708124
0.067436674
0.111420043
0.078788793
0.119323662
0.110069362
0.111972598
0.073509714
0.116008548
0.109725079
0.116742079
0.114167279
0.12524945
0.119538338
0.06650432
0.115918483
0.121423969
0.113548935
0.109000013
0.111725125
0.116522171
0.108219334
0.11455378
0.109845432
0.065275456
0.06429613
0.114935176
0.068207905
0.064759926
0.065177063
0.118292425
0.108663907
0.065200709
0.067489622
0.065387168
0.065399772
0.066432536
0.067288628
0.065544401
0.067549095
0.065336432
0.064612523
0.067499354
0.066329039
0.112225156
0.112725001
0.109420408
0.115913083
0.065788927
0.10982545
0.071338212
0.063894547
0.069436228
0.064896424
0.072113839
0.069425343
0.067507056
0.113469783
0.064456371
0.070109663
0.066288452
0.06949721
0.073268418
0.067981634
0.067297361
0.069622523
0.070111067
0.067486788
0.066908349
0.070225442
0.070452109
0.067726164
0.067401469
0.066856884
0.070109393
0.068988765
0.068154908
0.067288917
0.067770897
0.071474135
0.070200591
0.068284544
0.069549286
0.070721164
0.068753969
0.068819226
0.066793024
0.079223209
0.07546971
0.077425184
0.116325693
0.114297147
0.114273605
0.115169023
0.114142919
0.113929635
0.116706152
0.116624901
0.109664468
0.112170047
0.112357235
0.113328487
0.113640978
0.114224936
0.113583893
0.115405356
0.114621239
0.113995925
0.114107748
0.115793377
0.113660289
0.114329977
0.11471904
0.119816551
0.115327739
0.11606071
0.113964039
0.115835241
0.115510906
0.115554916
0.120393572
0.116389189
0.115703667
0.113946319
0.115408562
0.11704325
0.114996102
0.113818704
0.116795167
0.113999329
0.114412715
0.115368915
0.117136366
0.117948444
0.11581078
0.116132446
0.120130579
0.115582758
0.115877706
0.113844942
0.116032863
0.113413057
0.11372592
0.112935087
0.115636705
0.114405974
0.112874201
0.111339875
0.128170268
0.118459042
0.118066854
0.11804399
0.117842791
0.118060761
0.120844931
0.116823466
0.117144919
0.118044759
0.117366216
0.117566738
0.117345592
0.122550078
0.120668721
0.1264893
0.114577972
0.11379943
0.112044531
0.112888491
0.114748076
0.110974165
0.115381046
0.115996458
0.114989836
0.116700203
0.113632491
0.116028744
0.114784107
0.114608847
0.114263638
0.115810143
0.114739669
0.11471993
0.116502484
0.113555969
0.11676488
0.113633886
0.113543782
0.116461588
0.115845909
0.114274345
0.113580438
0.119149037
0.11555294
0.113578043
0.112284863
0.116815847
0.114738606
0.113657667
0.11604793
0.113874282
0.12085908
0.114853501
0.120486005
0.121296881
0.119575683
0.11945688
0.119151672
0.120352714
0.125678084
0.120295787
0.119349266
0.119552494
0.119386191
0.119495255
0.110976029
0.117203169
0.116499783
0.11707999
0.115784147
0.114799459
0.11412977
0.117375033
0.117338835
0.114233677
0.115538938
0.116163468
0.113779968
0.114597469
0.116391272
0.118513148
0.116410438
0.117697001
0.115445854
0.126657576
0.114342718
0.11360251
0.11352152
0.117282407
0.114137249
0.113012353
0.115229697
0.11607787
0.112959009
0.069504667
0.06804154
0.066560081
0.067399874
0.067918884
0.064754404
0.069379823
0.069762999
0.107062444
0.068364718
0.066448617
0.0673432
0.07067591
0.069551899
0.068759243
0.113475718
0.112360716
0.06986466
0.117596187
0.113448217
0.117768001
0.113617738
0.113630342
0.115705499
0.114723884
0.126679096
0.117610395
0.117654717
0.11568278
0.115564655
0.115788561
0.113376894
0.117010957
0.115296478
0.113692363
0.116585276
0.113992717
0.113637353
0.113949072
0.120598916
0.118196832
0.119424436
0.119537249
0.116239429
0.119537654
0.111174686
0.113848383
0.118527759
0.1198763
0.117678123
0.118305051
