0.4031643867492676
0.0049860477447509766
0.007982492446899414
0.005986928939819336
0.008974313735961914
0.025929689407348633
0.05204582214355469
0.015083551406860352
0.013960599899291992
0.018949508666992188
0.028898239135742188
0.028913021087646484
0.031247615814208984
0.05415964126586914
0.025797605514526367
0.02402043342590332
0.026787281036376953
0.020898818969726562
0.045867919921875
0.017951488494873047
0.02094244956970215
0.033907175064086914
0.026928424835205078
0.03191494941711426
0.028922319412231445
0.0518491268157959
0.02692723274230957
0.029883146286010742
0.0329127311706543
0.030916929244995117
0.026932716369628906
0.03291177749633789
0.023932695388793945
0.029920101165771484
0.028922557830810547
0.0338740348815918
0.026930809020996094
0.04188704490661621
0.027104616165161133
0.029589414596557617
0.03074049949645996
0.03238797187805176
0.028859853744506836
0.031649112701416016
0.026134014129638672
0.030679941177368164
0.03323030471801758
0.028169631958007812
0.032668113708496094
0.043810367584228516
0.033892154693603516
0.029169797897338867
0.027225255966186523
0.03087782859802246
0.029889583587646484
0.029903411865234375
0.03391218185424805
0.02590036392211914
0.03088092803955078
0.029908418655395508
0.027781963348388672
0.04876279830932617
0.03181719779968262
0.03887677192687988
0.02593064308166504
0.02593088150024414
0.024246692657470703
0.02754688262939453
0.028166532516479492
0.03123188018798828
0.030528545379638672
0.03286433219909668
0.029030323028564453
0.04916810989379883
0.02744913101196289
0.03133702278137207
0.032028913497924805
0.026856422424316406
0.030939817428588867
0.029007911682128906
0.03208565711975098
0.0314488410949707
0.027831315994262695
0.031874895095825195
0.028974294662475586
0.04711771011352539
0.03042149543762207
0.02882528305053711
0.03053903579711914
0.030888795852661133
0.028036832809448242
0.03284740447998047
0.027251720428466797
0.0309908390045166
0.02678966522216797
0.032019853591918945
0.03249859809875488
0.046523332595825195
0.03189539909362793
0.029081106185913086
0.03313899040222168
0.027886152267456055
0.025875568389892578
0.031148433685302734
0.029712200164794922
0.029957294464111328
0.03799033164978027
0.02991795539855957
0.026927471160888672
0.03708052635192871
0.0304105281829834
0.03179740905761719
0.029671192169189453
0.030432462692260742
0.028794288635253906
0.029731273651123047
0.03036665916442871
0.029129743576049805
0.029349803924560547
0.03136181831359863
0.028439044952392578
0.049112796783447266
0.02950143814086914
0.029549360275268555
0.027925491333007812
0.032160043716430664
0.031311988830566406
0.027390718460083008
0.029892921447753906
0.03074359893798828
0.028392314910888672
0.03171825408935547
0.027743816375732422
0.048665523529052734
0.02992105484008789
0.02754950523376465
0.03391003608703613
0.025934696197509766
0.03415560722351074
0.030034780502319336
0.027552127838134766
0.03248000144958496
0.028777360916137695
0.031213760375976562
0.030773401260375977
0.045720815658569336
0.0330810546875
0.026769399642944336
0.03143453598022461
0.02902507781982422
0.030215740203857422
0.0329442024230957
0.028576374053955078
0.02708125114440918
0.031238555908203125
0.03075098991394043
0.03035426139831543
0.0457463264465332
0.031679391860961914
0.03081035614013672
0.030172348022460938
0.03011941909790039
0.02799248695373535
0.028877735137939453
0.03344225883483887
0.02784109115600586
0.031787872314453125
0.028031587600708008
0.030781269073486328
0.04669022560119629
0.029718399047851562
0.031080007553100586
0.030224084854125977
0.028361797332763672
0.03297877311706543
0.02685546875
0.032357215881347656
0.029011249542236328
0.029918432235717773
0.02692890167236328
0.031064271926879883
0.0495147705078125
0.02736353874206543
0.034377098083496094
0.027465105056762695
0.03026127815246582
0.03089618682861328
0.02845597267150879
0.029594898223876953
0.030981063842773438
0.02911686897277832
0.03303885459899902
0.02612137794494629
0.0498349666595459
0.029590845108032227
0.03006768226623535
0.03178286552429199
0.026516437530517578
0.03388333320617676
0.02829766273498535
0.02837347984313965
0.031047821044921875
0.029828548431396484
0.029221773147583008
0.029174327850341797
0.04704999923706055
0.030506610870361328
0.029337644577026367
0.02919912338256836
0.029938220977783203
0.03217720985412598
0.028829336166381836
0.027974367141723633
0.031190872192382812
0.029781103134155273
0.027925968170166016
0.032232046127319336
0.04651284217834473
0.029360055923461914
0.029432296752929688
0.030902385711669922
0.031110525131225586
0.02862715721130371
0.036818504333496094
0.03390979766845703
0.02892303466796875
0.02692890167236328
0.01894664764404297
0.028997182846069336
0.04796910285949707
0.031738996505737305
0.028731584548950195
0.029927730560302734
0.02900385856628418
0.03222537040710449
0.030037879943847656
0.029640913009643555
0.02868366241455078
0.028782129287719727
0.0320131778717041
0.03274726867675781
0.04507875442504883
0.028907060623168945
0.03169560432434082
0.030141115188598633
0.030283212661743164
0.03193163871765137
0.027844905853271484
0.02908611297607422
0.030138492584228516
0.03181171417236328
0.03106832504272461
0.030117511749267578
0.04387617111206055
0.03066396713256836
0.03948235511779785
0.020153045654296875
0.02923583984375
0.03187131881713867
0.027778148651123047
0.030716896057128906
0.03760886192321777
0.02197742462158203
0.030120849609375
0.03023052215576172
0.04700326919555664
0.031982421875
0.03083324432373047
0.03786134719848633
0.028922319412231445
0.020232439041137695
0.031221866607666016
0.026526689529418945
0.033388376235961914
0.027792930603027344
0.02931952476501465
0.03434395790100098
0.04226398468017578
0.028327226638793945
0.03329277038574219
0.0306851863861084
0.03183245658874512
0.02701425552368164
0.03195333480834961
0.029039859771728516
0.0317378044128418
0.027352333068847656
0.030064105987548828
0.029854774475097656
0.04836273193359375
0.03388166427612305
0.025899887084960938
0.02802300453186035
0.03003239631652832
0.029679059982299805
0.03295135498046875
0.030183076858520508
0.02701115608215332
0.030789852142333984
0.03009510040283203
0.029046297073364258
0.04946160316467285
0.02507948875427246
0.03336024284362793
0.027045488357543945
0.029278039932250977
0.033238887786865234
0.02713751792907715
0.03031754493713379
0.030798912048339844
0.029968976974487305
0.03304171562194824
0.07596588134765625
0.004145383834838867
0.0222015380859375
0.028391122817993164
0.03556537628173828
0.025124788284301758
0.03172421455383301
0.029132604598999023
0.02996516227722168
0.03363847732543945
0.025150537490844727
0.031111717224121094
0.03179740905761719
0.04491591453552246
0.031066417694091797
0.03005814552307129
0.03166532516479492
0.0268096923828125
0.03091883659362793
0.030919790267944336
0.028752803802490234
0.03144073486328125
0.028696537017822266
0.03083634376525879
0.032120704650878906
0.04278397560119629
0.03203105926513672
0.02978682518005371
0.03211545944213867
0.030130863189697266
0.029927492141723633
0.030077457427978516
0.028808116912841797
0.02741074562072754
0.034501075744628906
0.02639317512512207
0.03190302848815918
0.04790496826171875
0.030229568481445312
0.03182506561279297
0.02777099609375
0.030117034912109375
0.0288546085357666
0.029548168182373047
0.032904863357543945
0.02826857566833496
0.027974605560302734
0.033705711364746094
0.029555559158325195
0.046189069747924805
0.02910137176513672
0.029772281646728516
0.03042912483215332
0.030431270599365234
0.03387570381164551
0.026146888732910156
0.03143882751464844
0.0278928279876709
0.0286712646484375
0.03492546081542969
0.07552075386047363
0.0039904117584228516
0.020947933197021484
0.03160452842712402
0.030966520309448242
0.033368587493896484
0.025048255920410156
0.03038311004638672
0.03045201301574707
0.03292655944824219
0.027019262313842773
0.029160022735595703
0.031702518463134766
0.042864084243774414
0.03676009178161621
0.025522470474243164
0.029803037643432617
0.03103017807006836
0.03194999694824219
0.02999114990234375
0.028882503509521484
0.03016185760498047
0.030054092407226562
0.03191995620727539
0.07742977142333984
0.004239320755004883
0.022226810455322266
0.029103994369506836
0.03323554992675781
0.032155752182006836
0.02756524085998535
0.030020475387573242
0.03176712989807129
0.028455495834350586
0.032654762268066406
0.02863478660583496
0.07849669456481934
0.0039899349212646484
0.022512197494506836
0.031163930892944336
0.030579805374145508
0.030304670333862305
0.0309445858001709
0.027604341506958008
0.034899234771728516
0.027544260025024414
0.028396129608154297
0.031008243560791016
0.02994394302368164
0.049414873123168945
0.027192354202270508
0.03444170951843262
0.028069019317626953
0.029500722885131836
0.03135418891906738
0.029572725296020508
0.028886795043945312
0.03380584716796875
0.027011394500732422
0.030959606170654297
0.03483915328979492
0.04014277458190918
0.02980947494506836
0.031984567642211914
0.03232216835021973
0.028684377670288086
0.030482769012451172
0.02872753143310547
0.03165388107299805
0.031215429306030273
0.030436038970947266
0.02696371078491211
0.027851343154907227
0.04969596862792969
0.02892327308654785
0.02812361717224121
0.03230714797973633
0.03256535530090332
0.029844284057617188
0.03032660484313965
0.029024600982666016
0.03075551986694336
0.030031204223632812
0.02821636199951172
0.03171539306640625
